Found these tests: Vary_BOUNCE_BONUS, Vary_DROP_RADIUS, Vary_GROUND_STICK_PROBABILITY, Vary_MELT_PROBABILITY, Vary_OLD_GENOME_BIAS
Vary_BOUNCE_BONUS
Couldn't get data for Vary_BOUNCE_BONUS 00000
Couldn't get data for Vary_BOUNCE_BONUS 00001
00002
29.77115818970255 34.655814218378296 0.10502475533992936 0.12949769711362188
00003
22.94930698304359 32.25914124651025 0.04887872371152547 0.08772992480858496
00004
22.63452780895767 33.85869224906378 0.045913785237839636 0.09401631531843772
00005
23.254494914984683 33.91595597754431 0.048222464878543245 0.09299287800318512
00006
23.29267413271059 33.294712718356415 0.046571241355685855 0.08376919631983976
00007
23.716156293215516 32.61623322333559 0.041664648571698534 0.07856505240854353
00008
22.762110322767974 33.2055825409814 0.041959920151683025 0.08406293413161665
00009
23.717410520088848 32.46797421547543 0.04149900121104403 0.08157966230709071
Vary_DROP_RADIUS
00000
23.256038537676943 34.45217242182021 0.05654340325469885 0.0948731848596341
00001
25.64828052493757 34.69055721022538 0.06446871636526466 0.11905365107742391
00002
29.140979202935732 34.34785860963539 0.08459541258653605 0.14696143166208303
00003
28.770110122848102 35.78200106726105 0.12056286420714568 0.20101624080057964
00004
28.797827479279864 37.83440773488202 0.13295862037808698 0.25688502427527676
Vary_GROUND_STICK_PROBABILITY
00000
22.538159435080086 33.712044998103146 0.04812748027771261 0.09319407880009706
00001
22.51990812008728 33.36734237008563 0.04930505771304413 0.08864763941204533
00002
23.00886029549075 33.232281709744484 0.047753269683164984 0.09020605779856586
00003
21.94269616336215 33.6622981972831 0.04278530554521427 0.09144673290928054
00004
23.008021487607543 33.03782131396555 0.04630509599798525 0.09012716977373587
00005
23.217214622575707 32.738221276438104 0.04977132470473092 0.08812525797035356
00006
22.859772064269034 34.38945010954738 0.04625294561319774 0.08785893914439653
00007
22.833590468428717 33.15596218735131 0.045122591763032724 0.08843102411559996
00008
22.8547102368129 33.30840864716226 0.045874730079844765 0.08813610121999978
00009
22.66045477682477 33.25148064266206 0.04679021774201959 0.08942798327529529
Vary_MELT_PROBABILITY
00000
23.448810444989167 33.5645048207493 0.03984290998929193 0.08440771842476594
00001
23.928477443663756 33.73185162111326 0.043982281770767115 0.08404957930080081
00002
23.223847076051044 34.67228937553218 0.049796428915426884 0.09776452382425102
00003
33.56112502615784 38.01329943331946 0.18189983710454208 0.19044216071586412
Couldn't get data for Vary_MELT_PROBABILITY 00004
Couldn't get data for Vary_MELT_PROBABILITY 00005
Couldn't get data for Vary_MELT_PROBABILITY 00006
Couldn't get data for Vary_MELT_PROBABILITY 00007
Couldn't get data for Vary_MELT_PROBABILITY 00008
Couldn't get data for Vary_MELT_PROBABILITY 00009
Vary_OLD_GENOME_BIAS
00000
35.051387196430454 35.20162834288281 0.15009130433776055 0.15561120584979093
00001
27.625432096286694 34.54030316027753 0.0658249558134851 0.09822191196447602
00002
23.59073171629892 33.27159649881178 0.051143517297157194 0.09393155221931447
00003
24.279679827545145 34.14254104288464 0.053850142003591714 0.09665554658633038
00004
22.571226740414982 33.286027867848965 0.048850446012844884 0.08861341845518135
00005
22.759620657887005 33.55664163754396 0.05055233734096708 0.08947544828802255
00006
23.10690647106093 33.551983894250284 0.04952235915884568 0.0930164109901582
00007
23.01449439307719 33.58812845481295 0.051104999480712635 0.09182618742764119
00008
22.63692203996144 33.415526895420086 0.04786693476379102 0.09102352843227604
00009
23.316006751242263 33.170645821302976 0.051502444885417574 0.09585403383035265
