Found these tests: Vary_BOUNCE_BONUS, Vary_DROP_RADIUS, Vary_GROUND_STICK_PROBABILITY, Vary_MELT_PROBABILITY, Vary_OLD_GENOME_BIAS
Vary_BOUNCE_BONUS
Couldn't get data for Vary_BOUNCE_BONUS 00000
Couldn't get data for Vary_BOUNCE_BONUS 00001
00002
29.77115818970255 34.444106434477995 0.10502475533992936 0.11961829156690995
00003
22.94930698304359 33.877104929831205 0.04887872371152547 0.09322659829472804
00004
22.63452780895767 33.56436765355982 0.045913785237839636 0.09175528582907214
00005
23.254494914984683 33.57366438637494 0.048222464878543245 0.08843345780504434
00006
23.29267413271059 34.42052408906067 0.046571241355685855 0.08819580453578503
00007
23.716156293215516 33.91901073520279 0.041664648571698534 0.08586248928507592
00008
22.762110322767974 33.553844433598144 0.041959920151683025 0.08637192871391008
00009
23.717410520088848 33.293759184104985 0.04149900121104403 0.08357227893002322
Vary_DROP_RADIUS
00000
23.256038537676943 34.60208342126963 0.05654340325469885 0.09726321486797423
00001
25.64828052493757 34.389076622730656 0.06446871636526466 0.12008315742852878
00002
29.140979202935732 37.609053511716425 0.08459541258653605 0.1459612382935227
00003
28.770110122848102 37.974059248349576 0.12056286420714568 0.22691950784757525
00004
28.797827479279864 39.76692447004359 0.13295862037808698 0.26313142628992675
Vary_GROUND_STICK_PROBABILITY
00000
22.538159435080086 33.64014844922558 0.04812748027771261 0.09195631328320819
00001
22.51990812008728 33.93609018958813 0.04930505771304413 0.09252371644701425
00002
23.00886029549075 32.978270692268694 0.047753269683164984 0.08668602747634593
00003
21.94269616336215 33.09325404226467 0.04278530554521427 0.08844910301543638
00004
23.008021487607543 33.9494464861621 0.04630509599798525 0.08780266204242164
00005
23.217214622575707 33.38520068862563 0.04977132470473092 0.0914075294641575
00006
22.859772064269034 32.85946660547063 0.04625294561319774 0.08982908233972217
00007
22.833590468428717 32.8314185093442 0.045122591763032724 0.08757006280245444
00008
22.8547102368129 33.75092716123415 0.045874730079844765 0.0870476306798971
00009
22.66045477682477 33.32478358423004 0.04679021774201959 0.08830382513379553
Vary_MELT_PROBABILITY
00000
23.448810444989167 33.36112409236594 0.03984290998929193 0.08072615889964645
00001
23.928477443663756 33.26719255711829 0.043982281770767115 0.08523951065406825
00002
23.223847076051044 33.74240592713122 0.049796428915426884 0.0930884410166585
00003
33.56112502615784 36.57810973789236 0.18189983710454208 0.17924014169833707
Couldn't get data for Vary_MELT_PROBABILITY 00004
Couldn't get data for Vary_MELT_PROBABILITY 00005
Couldn't get data for Vary_MELT_PROBABILITY 00006
Couldn't get data for Vary_MELT_PROBABILITY 00007
Couldn't get data for Vary_MELT_PROBABILITY 00008
Couldn't get data for Vary_MELT_PROBABILITY 00009
Vary_OLD_GENOME_BIAS
00000
35.051387196430454 33.946176721284886 0.15009130433776055 0.14647825773192785
00001
27.625432096286694 33.31900951693393 0.0658249558134851 0.09341193926868448
00002
23.59073171629892 33.853573336769635 0.051143517297157194 0.09708210525676221
00003
24.279679827545145 34.05972650269998 0.053850142003591714 0.09358255513473443
00004
22.571226740414982 33.8752398279293 0.048850446012844884 0.09288226485228193
00005
22.759620657887005 32.99701358114626 0.05055233734096708 0.09061154346215754
00006
23.10690647106093 33.98414380593428 0.04952235915884568 0.09349989577972964
00007
23.01449439307719 33.25094047415523 0.051104999480712635 0.08998579189233381
00008
22.63692203996144 33.665215037239726 0.04786693476379102 0.09254406701318
00009
23.316006751242263 33.29736909391048 0.051502444885417574 0.09306348685631893
